$ 1 0.000005 10.20027730826997 50 5 50 5e-11
181 528 320 592 320 0 9669132.23722104 0.5 5 0.4 0.4
t 432 240 464 240 0 1 -3.0453439524908488 0.6871763210759076 100 default
t 432 400 464 400 0 1 -2.267479724065764 2.3674797239505627e-9 100 default
t 672 240 640 240 0 1 -5.999999993898313 -0.07437946364338083 100 default
t 672 400 640 400 0 1 0.6161485692814589 0.6905280390265272 100 default
w 464 320 528 320 0
w 464 256 464 320 0
w 464 384 464 320 0
w 640 384 640 320 0
w 592 320 640 320 0
w 640 256 640 320 0
w 464 416 464 480 0
w 640 416 640 480 0
w 464 224 464 128 0
w 640 128 640 224 0
207 464 128 496 128 4 vcc
207 640 128 672 128 4 vcc
g 464 480 464 496 0 0
g 640 480 640 496 0 0
r 416 400 368 400 0 1000
r 416 240 368 240 0 1000
r 688 240 736 240 0 1000
r 688 400 736 400 0 1000
w 416 240 432 240 0
w 416 400 432 400 0
w 672 400 688 400 0
w 672 240 688 240 0
v 928 336 928 288 0 0 40 6 0 0 0.5
g 928 352 928 368 0 0
w 928 336 928 352 0
207 928 256 960 256 4 vcc
w 928 256 928 288 0
207 352 240 320 240 4 b1
207 352 400 320 400 4 b3
207 752 400 784 400 4 b4
207 752 240 784 240 4 b2
x 474 246 506 249 4 24 Q1
x 594 251 626 254 4 24 Q2
x 468 407 500 410 4 24 Q3
x 599 409 631 412 4 24 Q4
w 352 240 368 240 0
w 352 400 368 400 0
w 736 400 752 400 0
w 736 240 752 240 0
R 752 400 752 464 0 0 40 3.3 0 0 0.5
R 352 240 352 304 0 0 40 3.3 0 0 0.5
R 352 400 352 464 0 0 40 0 0 0 0.5
R 752 240 752 304 0 0 40 0 0 0 0.5
